#-------------------------------------------------------------------------------------------------------------------------------------
# ladungen und feldstaerkevektoren im kartesischen koordinatensysten
# 25-Mai-2026  aob
#-------------------------------------------------------------------------------------------------------------------------------------
#         punkt 0 0 zwischen den Ladungen
#        -10 -10 bis 10 10  delta 0.5
#         q1 auf -5 0  fix    neg oder pos  999 oder -999
#         q2 auf +5 0  fix    pos oder neg  999 oder -999
#         delta = 0.5
# q1 Ladung : neg
# q2 Ladung : neg
# 1. Zeile winkel, 2. Zeile Feldstaerken
# die Feldstärkevektoren sind von der positiven ladung radial weg und zur negativen ladung radial hin gerichtet
# der winkel ist atan2 kann negativ und positiv sein
#  180 -180  ist horizontal  +-90 ist vertikal
#-------------------------------------------------------------------------------------------------------------------------------------
# Teil 2 : von  x = 0 y= 10 bis x=10 y=-10  in 0.5 Schritten Punktladung auf 5.0 0.0
-------------------------------------------------------------------------------------------------------------------------------------
x= 0.0 x= 0.5 x= 1.0 x= 1.5 x= 2.0 x= 2.5 x= 3.0 x= 3.5 x= 4.0 x= 4.5 x= 5.0 x= 5.5 x= 6.0 x= 6.5 x= 7.0 x= 7.5 x= 8.0 x= 8.5 x= 9.0 x= 9.5 x=10.0  Spalte x
 -------------------------------------------------------------------------------------------------------------------------------------
   -90    -91    -92    -94    -95    -96    -98    -99   -101 -103   -105   -107   -109   -111   -113   -115   -117   -119 -121   -123   -125   winkel in grad     Zeile y :   1    y=  10.0
  0.014  0.014  0.014  0.014  0.014  0.014  0.014  0.014  0.014 0.014  0.014  0.014  0.014  0.013  0.013  0.013  0.012  0.012 0.012  0.011  0.011   Feldstärke
    -90    -91    -92    -93    -95    -96    -97    -99   -101 -103   -105   -107   -109   -111   -113   -115   -117   -119 -122   -124   -126   winkel in grad     Zeile y :   2    y=  9.5
  0.015  0.015  0.015  0.015  0.015  0.015  0.015  0.015  0.015 0.015  0.015  0.015  0.015  0.014  0.014  0.014  0.013  0.013 0.012  0.012  0.012   Feldstärke
    -90    -91    -92    -93    -94    -95    -97    -99   -100 -102   -104   -107   -109   -111   -113   -116   -118   -120 -122   -125   -127   winkel in grad     Zeile y :   3    y=  9.0
  0.016  0.017  0.017  0.017  0.017  0.017  0.017  0.017  0.017 0.017  0.017  0.016  0.016  0.016  0.015  0.015  0.015  0.014 0.013  0.013  0.012   Feldstärke
    -90    -91    -92    -93    -94    -95    -96    -98   -100 -102   -104   -106   -109   -111   -114   -116   -119   -121 -123   -126   -128   winkel in grad     Zeile y :   4    y=  8.5
  0.018  0.018  0.018  0.018  0.018  0.018  0.018  0.018  0.018 0.018  0.018  0.018  0.018  0.017  0.017  0.016  0.016  0.015 0.015  0.014  0.013   Feldstärke
    -90    -91    -91    -92    -93    -94    -96    -97    -99 -101   -104   -106   -109   -111   -114   -117   -119   -122 -124   -127   -129   winkel in grad     Zeile y :   5    y=  8.0
  0.019  0.019  0.019  0.019  0.020  0.020  0.020  0.020  0.020 0.020  0.020  0.020  0.019  0.019  0.019  0.018  0.017  0.017 0.016  0.015  0.014   Feldstärke
    -90    -90    -91    -91    -92    -93    -95    -96    -99 -101   -103   -106   -109   -112   -114   -117   -120   -123 -125   -128   -130   winkel in grad     Zeile y :   6    y=  7.5
  0.020  0.021  0.021  0.021  0.021  0.021  0.022  0.022  0.022 0.022  0.022  0.022  0.022  0.021  0.021  0.020  0.019  0.018 0.017  0.016  0.015   Feldstärke
    -90    -90    -90    -90    -91    -92    -94    -95    -98 -100   -103   -106   -109   -112   -115   -118   -121   -124 -127   -129   -132   winkel in grad     Zeile y :   7    y=  7.0
  0.022  0.022  0.022  0.023  0.023  0.024  0.024  0.024  0.025 0.025  0.025  0.025  0.024  0.024  0.023  0.022  0.021  0.020 0.019  0.018  0.017   Feldstärke
    -90    -90    -89    -89    -90    -91    -92    -94    -96 -99   -102   -105   -109   -112   -116   -119   -122   -125 -128   -131   -133   winkel in grad     Zeile y :   8    y=  6.5
  0.024  0.024  0.024  0.025  0.025  0.026  0.027  0.027  0.028 0.028  0.028  0.028  0.027  0.027  0.026  0.025  0.023  0.022 0.021  0.019  0.018   Feldstärke
    -90    -89    -88    -88    -88    -89    -90    -92    -95 -98   -101   -105   -109   -112   -116   -120   -123   -127 -130   -132   -135   winkel in grad     Zeile y :   9    y=  6.0
  0.025  0.025  0.026  0.027  0.028  0.029  0.030  0.031  0.032 0.032  0.032  0.032  0.031  0.030  0.029  0.028  0.026  0.025 0.023  0.021  0.020   Feldstärke
    -90    -88    -87    -86    -86    -86    -88    -90    -93 -97   -100   -104   -109   -113   -117   -121   -125   -128 -131   -134   -137   winkel in grad     Zeile y :  10    y=  5.5
  0.027  0.027  0.028  0.029  0.030  0.032  0.033  0.035  0.036 0.037  0.037  0.037  0.036  0.035  0.033  0.032  0.030  0.028 0.025  0.023  0.022   Feldstärke
    -90    -87    -85    -83    -83    -83    -85    -88    -91 -95    -99   -104   -109   -113   -118   -122   -126   -130 -133   -137   -139   winkel in grad     Zeile y :  11    y=  5.0
  0.028  0.029  0.030  0.031  0.033  0.036  0.038  0.040  0.042 0.044  0.044  0.044  0.043  0.041  0.039  0.036  0.034  0.031 0.028  0.026  0.024   Feldstärke
    -90    -86    -83    -80    -79    -80    -82    -85    -88 -93    -98   -104   -109   -114   -119   -124   -128   -132 -136   -139   -142   winkel in grad     Zeile y :  12    y=  4.5
  0.030  0.030  0.032  0.034  0.037  0.040  0.044  0.047  0.050 0.052  0.053  0.053  0.051  0.049  0.046  0.042  0.039  0.035 0.032  0.029  0.026   Feldstärke
    -90    -84    -79    -76    -75    -75    -77    -81    -85 -91    -97   -103   -110   -116   -121   -126   -131   -135 -139   -142   -145   winkel in grad     Zeile y :  13    y=  4.0
  0.030  0.031  0.033  0.037  0.041  0.046  0.052  0.057  0.061 0.065  0.066  0.066  0.063  0.059  0.055  0.050  0.044  0.040 0.035  0.032  0.028   Feldstärke
    -90    -82    -75    -71    -70    -70    -72    -77    -82 -89    -96   -103   -110   -117   -124   -129   -134   -138 -142   -145   -148   winkel in grad     Zeile y :  14    y=  3.5
  0.031  0.032  0.035  0.040  0.046  0.053  0.062  0.070  0.077 0.083  0.085  0.084  0.080  0.074  0.066  0.059  0.052  0.045 0.040  0.035  0.031   Feldstärke
    -90    -79    -70    -65    -63    -64    -67    -71    -78 -86    -94   -103   -112   -120   -127   -133   -138   -142 -146   -149   -151   winkel in grad     Zeile y :  15    y=  3.0
  0.030  0.032  0.036  0.043  0.052  0.063  0.075  0.088  0.101 0.110  0.114  0.112  0.104  0.094  0.082  0.071  0.060  0.052 0.044  0.038  0.033   Feldstärke
    -90    -75    -64    -57    -55    -56    -60    -65    -73 -83    -93   -104   -114   -123   -131   -137   -142   -147 -150   -153   -155   winkel in grad     Zeile y :  16    y=  2.5
  0.029  0.031  0.037  0.046  0.058  0.074  0.093  0.115  0.137 0.155  0.163  0.158  0.143  0.123  0.103  0.085  0.071  0.059 0.050  0.042  0.036   Feldstärke
    -90    -69    -55    -48    -46    -47    -51    -58    -67 -79    -92   -106   -118   -129   -137   -143   -148   -152 -155   -158   -160   winkel in grad     Zeile y :  17    y=  2.0
  0.026  0.029  0.037  0.049  0.066  0.089  0.118  0.155  0.197 0.235  0.252  0.239  0.205  0.165  0.131  0.103  0.082  0.067 0.055  0.046  0.039   Feldstärke
    -90    -61    -45    -38    -36    -37    -41    -48    -58 -73    -91   -110   -125   -136   -144   -150   -155   -158 -161   -163   -164   winkel in grad     Zeile y :  18    y=  1.5
  0.021  0.025  0.036  0.053  0.075  0.106  0.150  0.215  0.303 0.398  0.446  0.404  0.313  0.228  0.166  0.123  0.094  0.074 0.060  0.049  0.041   Feldstärke
    -90    -48    -32    -26    -25    -26    -29    -35    -46 -64    -91   -117   -136   -147   -154   -159   -162   -165 -167   -168   -169   winkel in grad     Zeile y :  19    y=  1.0
  0.015  0.022  0.036  0.055  0.083  0.123  0.187  0.297  0.492 0.796  1.001  0.805  0.506  0.314  0.206  0.144  0.106  0.081 0.064  0.052  0.043   Feldstärke
    -90    -28    -16    -13    -13    -13    -15    -19    -27 -45    -90   -135   -154   -162   -166   -169   -171   -172 -173   -174   -175   winkel in grad     Zeile y :  20    y=  0.5
  0.008  0.018  0.035  0.057  0.088  0.137  0.221  0.387  0.789 1.993  4.001  2.007  0.808  0.407  0.242  0.160  0.114  0.085 0.067  0.054  0.044   Feldstärke
    -90     -0     -0     -0     -0     -0     -0     -0 -0     -0    777   -180   -180   -180   -180   -180   -180 -180   -180   -180   -180   winkel in grad     Zeile y :  21 y=  0.0
  0.000  0.016  0.035  0.058  0.091  0.142  0.234  0.431  0.988 3.989  -999.000  4.009  1.008  0.452  0.257  0.166  0.117  0.087 0.068  0.054  0.044   Feldstärke
     90     28     16     13     13     13     15     19 27     45     90    135    154    162    166    169    171 172    173    174    175   winkel in grad     Zeile y :  22    y= -0.5
  0.008  0.018  0.035  0.057  0.088  0.137  0.221  0.387  0.789 1.993  4.001  2.007  0.808  0.407  0.242  0.160  0.114  0.085 0.067  0.054  0.044   Feldstärke
     90     48     32     26     25     26     29     35 46     64     91    117    136    147    154    159    162 165    167    168    169   winkel in grad     Zeile y :  23    y= -1.0
  0.015  0.022  0.036  0.055  0.083  0.123  0.187  0.297  0.492 0.796  1.001  0.805  0.506  0.314  0.206  0.144  0.106  0.081 0.064  0.052  0.043   Feldstärke
     90     61     45     38     36     37     41     48 58     73     91    110    125    136    144    150    155 158    161    163    164   winkel in grad     Zeile y :  24    y= -1.5
  0.021  0.025  0.036  0.053  0.075  0.106  0.150  0.215  0.303 0.398  0.446  0.404  0.313  0.228  0.166  0.123  0.094  0.074 0.060  0.049  0.041   Feldstärke
     90     69     55     48     46     47     51     58 67     79     92    106    118    129    137    143    148 152    155    158    160   winkel in grad     Zeile y :  25    y= -2.0
  0.026  0.029  0.037  0.049  0.066  0.089  0.118  0.155  0.197 0.235  0.252  0.239  0.205  0.165  0.131  0.103  0.082  0.067 0.055  0.046  0.039   Feldstärke
     90     75     64     57     55     56     60     65 73     83     93    104    114    123    131    137    142 147    150    153    155   winkel in grad     Zeile y :  26    y= -2.5
  0.029  0.031  0.037  0.046  0.058  0.074  0.093  0.115  0.137 0.155  0.163  0.158  0.143  0.123  0.103  0.085  0.071  0.059 0.050  0.042  0.036   Feldstärke
     90     79     70     65     63     64     67     71 78     86     94    103    112    120    127    133    138 142    146    149    151   winkel in grad     Zeile y :  27    y= -3.0
  0.030  0.032  0.036  0.043  0.052  0.063  0.075  0.088  0.101 0.110  0.114  0.112  0.104  0.094  0.082  0.071  0.060  0.052 0.044  0.038  0.033   Feldstärke
     90     82     75     71     70     70     72     77 82     89     96    103    110    117    124    129    134 138    142    145    148   winkel in grad     Zeile y :  28    y= -3.5
  0.031  0.032  0.035  0.040  0.046  0.053  0.062  0.070  0.077 0.083  0.085  0.084  0.080  0.074  0.066  0.059  0.052  0.045 0.040  0.035  0.031   Feldstärke
     90     84     79     76     75     75     77     81 85     91     97    103    110    116    121    126    131 135    139    142    145   winkel in grad     Zeile y :  29    y= -4.0
  0.030  0.031  0.033  0.037  0.041  0.046  0.052  0.057  0.061 0.065  0.066  0.066  0.063  0.059  0.055  0.050  0.044  0.040 0.035  0.032  0.028   Feldstärke
     90     86     83     80     79     80     82     85 88     93     98    104    109    114    119    124    128 132    136    139    142   winkel in grad     Zeile y :  30    y= -4.5
  0.030  0.030  0.032  0.034  0.037  0.040  0.044  0.047  0.050 0.052  0.053  0.053  0.051  0.049  0.046  0.042  0.039  0.035 0.032  0.029  0.026   Feldstärke
     90     87     85     83     83     83     85     88 91     95     99    104    109    113    118    122    126 130    133    137    139   winkel in grad     Zeile y :  31    y= -5.0
  0.028  0.029  0.030  0.031  0.033  0.036  0.038  0.040  0.042 0.044  0.044  0.044  0.043  0.041  0.039  0.036  0.034  0.031 0.028  0.026  0.024   Feldstärke
     90     88     87     86     86     86     88     90 93     97    100    104    109    113    117    121    125 128    131    134    137   winkel in grad     Zeile y :  32    y= -5.5
  0.027  0.027  0.028  0.029  0.030  0.032  0.033  0.035  0.036 0.037  0.037  0.037  0.036  0.035  0.033  0.032  0.030  0.028 0.025  0.023  0.022   Feldstärke
     90     89     88     88     88     89     90     92 95     98    101    105    109    112    116    120    123 127    130    132    135   winkel in grad     Zeile y :  33    y= -6.0
  0.025  0.025  0.026  0.027  0.028  0.029  0.030  0.031  0.032 0.032  0.032  0.032  0.031  0.030  0.029  0.028  0.026  0.025 0.023  0.021  0.020   Feldstärke
     90     90     89     89     90     91     92     94 96     99    102    105    109    112    116    119    122 125    128    131    133   winkel in grad     Zeile y :  34    y= -6.5
  0.024  0.024  0.024  0.025  0.025  0.026  0.027  0.027  0.028 0.028  0.028  0.028  0.027  0.027  0.026  0.025  0.023  0.022 0.021  0.019  0.018   Feldstärke
     90     90     90     90     91     92     94     95     98 100    103    106    109    112    115    118    121    124 127    129    132   winkel in grad     Zeile y :  35    y=  -7.0
  0.022  0.022  0.022  0.023  0.023  0.024  0.024  0.024  0.025 0.025  0.025  0.025  0.024  0.024  0.023  0.022  0.021  0.020 0.019  0.018  0.017   Feldstärke
     90     90     91     91     92     93     95     96     99 101    103    106    109    112    114    117    120    123 125    128    130   winkel in grad     Zeile y :  36    y=  -7.5
  0.020  0.021  0.021  0.021  0.021  0.021  0.022  0.022  0.022 0.022  0.022  0.022  0.022  0.021  0.021  0.020  0.019  0.018 0.017  0.016  0.015   Feldstärke
     90     91     91     92     93     94     96     97     99 101    104    106    109    111    114    117    119    122 124    127    129   winkel in grad     Zeile y :  37    y=  -8.0
  0.019  0.019  0.019  0.019  0.020  0.020  0.020  0.020  0.020 0.020  0.020  0.020  0.019  0.019  0.019  0.018  0.017  0.017 0.016  0.015  0.014   Feldstärke
     90     91     92     93     94     95     96     98    100 102    104    106    109    111    114    116    119    121 123    126    128   winkel in grad     Zeile y :  38    y=  -8.5
  0.018  0.018  0.018  0.018  0.018  0.018  0.018  0.018  0.018 0.018  0.018  0.018  0.018  0.017  0.017  0.016  0.016  0.015 0.015  0.014  0.013   Feldstärke
     90     91     92     93     94     95     97     99    100 102    104    107    109    111    113    116    118    120 122    125    127   winkel in grad     Zeile y :  39    y=  -9.0
  0.016  0.017  0.017  0.017  0.017  0.017  0.017  0.017  0.017 0.017  0.017  0.016  0.016  0.016  0.015  0.015  0.015  0.014 0.013  0.013  0.012   Feldstärke
     90     91     92     93     95     96     97     99    101 103    105    107    109    111    113    115    117    119 122    124    126   winkel in grad     Zeile y :  40    y=  -9.5
  0.015  0.015  0.015  0.015  0.015  0.015  0.015  0.015  0.015 0.015  0.015  0.015  0.015  0.014  0.014  0.014  0.013  0.013 0.012  0.012  0.012   Feldstärke
     90     91     92     94     95     96     98     99    101 103    105    107    109    111    113    115    117    119 121    123    125   winkel in grad     Zeile y :  41    y=  -10.0
  0.014  0.014  0.014  0.014  0.014  0.014  0.014  0.014  0.014 0.014  0.014  0.014  0.014  0.013  0.013  0.013  0.012  0.012 0.012  0.011  0.011   Feldstärke 