#-------------------------------------------------------------------------------------------------------------------------------------
# ladungen und feldstaerkevektoren im kartesischen koordinatensysten
# 25-Mai-2026  aob
#-------------------------------------------------------------------------------------------------------------------------------------
#         punkt 0 0 zwischen den Ladungen
#        -10 -10 bis 10 10  delta 0.5
#         q1 auf -5 0  fix    neg oder pos  999 oder -999
#         q2 auf +5 0  fix    pos oder neg  999 oder -999
#         delta = 0.5
# q1 Ladung : neg
# q2 Ladung : pos
# 1. Zeile winkel, 2. Zeile Feldstaerken
# die Feldstärkevektoren sind von der positiven ladung radial weg und zur negativen ladung radial hin gerichtet
# der winkel ist atan2 kann negativ und positiv sein
#  180 -180  ist horizontal  +-90 ist vertikal
#-------------------------------------------------------------------------------------------------------------------------------------
# Teil 1 : von  x = -10 y= 10 bis x=0 y = -10 in 0.5 Schritten Punktladung auf -5.0 0.0
-------------------------------------------------------------------------------------------------------------------------------------
x=-10.0 x=-9.5 x=-9.0 x=-8.5 x=-8.0 x=-7.5 x=-7.0 x=-6.5 x=-6.0 x=-5.5 x=-5.0 x=-4.5 x=-4.0 x=-3.5 x=-3.0 x=-2.5 x=-2.0 x=-1.5 x=-1.0 x=-0.5 x= 0.0  Spalte x
 -------------------------------------------------------------------------------------------------------------------------------------
   -79    -82    -86    -89    -93    -97   -101   -105   -109 -114   -119   -124   -129   -135   -141   -147   -153   -160 -166   -173    180   winkel in grad     Zeile y :   1    y=  10.0
  0.006  0.006  0.006  0.006  0.007  0.007  0.007  0.007  0.007 0.007  0.007  0.007  0.007  0.007  0.007  0.007  0.007  0.007 0.007  0.007  0.007   Feldstärke
    -77    -80    -84    -87    -91    -94    -99   -103   -107 -112   -117   -122   -128   -134   -140   -146   -152   -159 -166   -173    180   winkel in grad     Zeile y :   2    y=  9.5
  0.006  0.006  0.007  0.007  0.007  0.008  0.008  0.008  0.008 0.008  0.008  0.008  0.008  0.008  0.008  0.008  0.008  0.008 0.008  0.008  0.008   Feldstärke
    -75    -78    -81    -85    -88    -92    -96   -101   -105 -110   -115   -121   -126   -132   -138   -145   -152   -158 -165   -173    180   winkel in grad     Zeile y :   3    y=  9.0
  0.007  0.007  0.008  0.008  0.008  0.009  0.009  0.009  0.009 0.009  0.010  0.010  0.010  0.010  0.010  0.009  0.009  0.009 0.009  0.009  0.009   Feldstärke
    -72    -76    -79    -82    -86    -90    -94    -99   -104 -108   -114   -119   -125   -131   -137   -144   -151   -158 -165   -173    180   winkel in grad     Zeile y :   4    y=  8.5
  0.008  0.008  0.008  0.009  0.009  0.010  0.010  0.010  0.011 0.011  0.011  0.011  0.011  0.011  0.011  0.011  0.011  0.011 0.011  0.010  0.010   Feldstärke
    -70    -73    -76    -80    -84    -88    -92    -97   -102 -107   -112   -118   -123   -130   -136   -143   -150   -157 -165   -172   -180   winkel in grad     Zeile y :   5    y=  8.0
  0.008  0.009  0.010  0.010  0.011  0.011  0.012  0.012  0.012 0.013  0.013  0.013  0.013  0.013  0.013  0.012  0.012  0.012 0.012  0.012  0.012   Feldstärke
    -67    -70    -74    -77    -81    -85    -90    -95    -99 -105   -110   -116   -122   -128   -135   -142   -149   -157 -164   -172    180   winkel in grad     Zeile y :   6    y=  7.5
  0.009  0.010  0.011  0.011  0.012  0.013  0.013  0.014  0.014 0.015  0.015  0.015  0.015  0.015  0.015  0.014  0.014  0.014 0.014  0.014  0.014   Feldstärke
    -64    -68    -71    -75    -79    -83    -87    -92    -97 -103   -108   -114   -121   -127   -134   -141   -148   -156 -164   -172    180   winkel in grad     Zeile y :   7    y=  7.0
  0.010  0.011  0.012  0.013  0.014  0.015  0.016  0.016  0.017 0.017  0.017  0.018  0.018  0.017  0.017  0.017  0.016  0.016 0.016  0.016  0.016   Feldstärke
    -61    -65    -68    -72    -76    -80    -85    -90    -95 -101   -107   -113   -119   -126   -133   -140   -148   -155 -164   -172    180   winkel in grad     Zeile y :   8    y=  6.5
  0.012  0.013  0.014  0.015  0.016  0.017  0.018  0.019  0.020 0.020  0.021  0.021  0.021  0.020  0.020  0.020  0.019  0.019 0.018  0.018  0.018   Feldstärke
    -58    -61    -65    -69    -73    -77    -82    -87    -93 -99   -105   -111   -118   -125   -132   -139   -147   -155 -163   -172   -180   winkel in grad     Zeile y :   9    y=  6.0
  0.013  0.014  0.016  0.017  0.019  0.020  0.021  0.023  0.024 0.024  0.025  0.025  0.025  0.024  0.024  0.023  0.022  0.022 0.021  0.021  0.021   Feldstärke
    -55    -58    -62    -65    -70    -74    -79    -85    -90 -96   -103   -110   -117   -124   -131   -139   -147   -155 -163   -171   -180   winkel in grad     Zeile y :  10    y=  5.5
  0.015  0.016  0.018  0.020  0.022  0.024  0.025  0.027  0.029 0.030  0.030  0.030  0.030  0.029  0.028  0.027  0.026  0.026 0.025  0.024  0.024   Feldstärke
    -51    -54    -58    -62    -66    -71    -76    -82    -88 -94   -101   -108   -115   -123   -131   -138   -146   -155 -163   -171    180   winkel in grad     Zeile y :  11    y=  5.0
  0.017  0.018  0.021  0.023  0.026  0.028  0.031  0.033  0.035 0.036  0.037  0.037  0.037  0.036  0.034  0.033  0.031  0.030 0.029  0.028  0.028   Feldstärke
    -47    -51    -54    -58    -62    -67    -73    -79    -85 -92    -99   -107   -115   -122   -130   -138   -146   -155 -163   -171    180   winkel in grad     Zeile y :  12    y=  4.5
  0.018  0.021  0.024  0.027  0.030  0.034  0.037  0.041  0.043 0.045  0.047  0.047  0.046  0.044  0.042  0.040  0.037  0.035 0.034  0.033  0.033   Feldstärke
    -43    -46    -50    -54    -58    -63    -69    -75    -82 -90    -98   -106   -114   -122   -131   -139   -147   -155 -163   -172   -180   winkel in grad     Zeile y :  13    y=  4.0
  0.021  0.024  0.027  0.031  0.036  0.041  0.046  0.051  0.055 0.058  0.060  0.060  0.058  0.055  0.052  0.048  0.045  0.042 0.040  0.039  0.038   Feldstärke
    -39    -42    -45    -49    -54    -59    -65    -71    -79 -87    -96   -105   -114   -123   -131   -140   -148   -156 -164   -172    180   winkel in grad     Zeile y :  14    y=  3.5
  0.023  0.027  0.031  0.036  0.043  0.050  0.057  0.065  0.072 0.077  0.079  0.079  0.075  0.070  0.064  0.059  0.053  0.049 0.046  0.045  0.044   Feldstärke
    -34    -37    -40    -44    -48    -54    -60    -67    -75 -85    -95   -105   -115   -124   -133   -142   -149   -157 -165   -172    180   winkel in grad     Zeile y :  15    y=  3.0
  0.025  0.030  0.036  0.043  0.051  0.061  0.072  0.084  0.096 0.105  0.109  0.107  0.101  0.091  0.081  0.072  0.064  0.058 0.054  0.051  0.050   Feldstärke
    -29    -32    -35    -38    -42    -48    -54    -62    -71 -82    -93   -105   -116   -127   -136   -144   -152   -159 -166   -173    180   winkel in grad     Zeile y :  16    y=  2.5
  0.028  0.033  0.040  0.049  0.061  0.075  0.093  0.113  0.134 0.150  0.158  0.154  0.140  0.121  0.104  0.088  0.076  0.068 0.062  0.058  0.057   Feldstärke
    -24    -26    -29    -32    -36    -41    -47    -55    -65 -78    -92   -107   -120   -131   -140   -148   -155   -162 -168   -174    180   winkel in grad     Zeile y :  17    y=  2.0
  0.030  0.037  0.045  0.057  0.072  0.092  0.120  0.155  0.195 0.232  0.248  0.236  0.203  0.166  0.133  0.108  0.090  0.078 0.070  0.065  0.064   Feldstärke
    -18    -20    -22    -25    -28    -32    -38    -46    -57 -73    -91   -110   -126   -138   -147   -154   -160   -165 -170   -175   -180   winkel in grad     Zeile y :  18    y=  1.5
  0.032  0.040  0.050  0.064  0.083  0.112  0.154  0.216  0.302 0.396  0.443  0.402  0.313  0.230  0.171  0.131  0.105  0.088 0.078  0.072  0.070   Feldstärke
    -12    -13    -15    -17    -19    -23    -27    -34    -46 -64    -91   -117   -136   -148   -156   -161   -166   -170 -173   -177   -180   winkel in grad     Zeile y :  19    y=  1.0
  0.034  0.042  0.054  0.070  0.094  0.132  0.194  0.301  0.494 0.795  0.999  0.804  0.508  0.318  0.213  0.153  0.118  0.097 0.084  0.078  0.075   Feldstärke
     -6     -7     -8     -9    -10    -12    -14    -19    -27 -45    -90   -135   -154   -162   -167   -170   -173   -175 -177   -178   -180   winkel in grad     Zeile y :  20    y=  0.5
  0.035  0.044  0.056  0.075  0.102  0.148  0.229  0.393  0.792 1.993  4.000  2.007  0.811  0.413  0.250  0.171  0.128  0.103 0.089  0.081  0.079   Feldstärke
     -0     -0     -0     -0     -0     -0     -0     -0 -0     -0    777    180    180    180    180    180    180 180    180    180    180   winkel in grad     Zeile y :  21    y= 0.0
  0.036  0.045  0.057  0.076  0.105  0.154  0.243  0.437  0.992 3.991  -999.000  4.011  1.012  0.458  0.266  0.178  0.132  0.105 0.090  0.082  0.080   Feldstärke
      6      7      8      9     10     12     14     19 27     45     90    135    154    162    167    170    173 175    177    178    180   winkel in grad     Zeile y :  22    y= -0.5
  0.035  0.044  0.056  0.075  0.102  0.148  0.229  0.393  0.792 1.993  4.000  2.007  0.811  0.413  0.250  0.171  0.128  0.103 0.089  0.081  0.079   Feldstärke
     12     13     15     17     19     23     27     34 46     64     91    117    136    148    156    161    166 170    173    177    180   winkel in grad     Zeile y :  23    y= -1.0
  0.034  0.042  0.054  0.070  0.094  0.132  0.194  0.301  0.494 0.795  0.999  0.804  0.508  0.318  0.213  0.153  0.118  0.097 0.084  0.078  0.075   Feldstärke
     18     20     22     25     28     32     38     46 57     73     91    110    126    138    147    154    160 165    170    175    180   winkel in grad     Zeile y :  24    y= -1.5
  0.032  0.040  0.050  0.064  0.083  0.112  0.154  0.216  0.302 0.396  0.443  0.402  0.313  0.230  0.171  0.131  0.105  0.088 0.078  0.072  0.070   Feldstärke
     24     26     29     32     36     41     47     55 65     78     92    107    120    131    140    148    155 162    168    174   -180   winkel in grad     Zeile y :  25    y= -2.0
  0.030  0.037  0.045  0.057  0.072  0.092  0.120  0.155  0.195 0.232  0.248  0.236  0.203  0.166  0.133  0.108  0.090  0.078 0.070  0.065  0.064   Feldstärke
     29     32     35     38     42     48     54     62 71     82     93    105    116    127    136    144    152 159    166    173   -180   winkel in grad     Zeile y :  26    y= -2.5
  0.028  0.033  0.040  0.049  0.061  0.075  0.093  0.113  0.134 0.150  0.158  0.154  0.140  0.121  0.104  0.088  0.076  0.068 0.062  0.058  0.057   Feldstärke
     34     37     40     44     48     54     60     67 75     85     95    105    115    124    133    142    149 157    165    172    180   winkel in grad     Zeile y :  27    y= -3.0
  0.025  0.030  0.036  0.043  0.051  0.061  0.072  0.084  0.096 0.105  0.109  0.107  0.101  0.091  0.081  0.072  0.064  0.058 0.054  0.051  0.050   Feldstärke
     39     42     45     49     54     59     65     71 79     87     96    105    114    123    131    140    148 156    164    172    180   winkel in grad     Zeile y :  28    y= -3.5
  0.023  0.027  0.031  0.036  0.043  0.050  0.057  0.065  0.072 0.077  0.079  0.079  0.075  0.070  0.064  0.059  0.053  0.049 0.046  0.045  0.044   Feldstärke
     43     46     50     54     58     63     69     75 82     90     98    106    114    122    131    139    147 155    163    172    180   winkel in grad     Zeile y :  29    y= -4.0
  0.021  0.024  0.027  0.031  0.036  0.041  0.046  0.051  0.055 0.058  0.060  0.060  0.058  0.055  0.052  0.048  0.045  0.042 0.040  0.039  0.038   Feldstärke
     47     51     54     58     62     67     73     79 85     92     99    107    115    122    130    138    146 155    163    171    180   winkel in grad     Zeile y :  30    y= -4.5
  0.018  0.021  0.024  0.027  0.030  0.034  0.037  0.041  0.043 0.045  0.047  0.047  0.046  0.044  0.042  0.040  0.037  0.035 0.034  0.033  0.033   Feldstärke
     51     54     58     62     66     71     76     82 88     94    101    108    115    123    131    138    146 155    163    171   -180   winkel in grad     Zeile y :  31    y= -5.0
  0.017  0.018  0.021  0.023  0.026  0.028  0.031  0.033  0.035 0.036  0.037  0.037  0.037  0.036  0.034  0.033  0.031  0.030 0.029  0.028  0.028   Feldstärke
     55     58     62     65     70     74     79     85 90     96    103    110    117    124    131    139    147 155    163    171    180   winkel in grad     Zeile y :  32    y= -5.5
  0.015  0.016  0.018  0.020  0.022  0.024  0.025  0.027  0.029 0.030  0.030  0.030  0.030  0.029  0.028  0.027  0.026  0.026 0.025  0.024  0.024   Feldstärke
     58     61     65     69     73     77     82     87 93     99    105    111    118    125    132    139    147 155    163    172    180   winkel in grad     Zeile y :  33    y= -6.0
  0.013  0.014  0.016  0.017  0.019  0.020  0.021  0.023  0.024 0.024  0.025  0.025  0.025  0.024  0.024  0.023  0.022  0.022 0.021  0.021  0.021   Feldstärke
     61     65     68     72     76     80     85     90     95 101    107    113    119    126    133    140    148    155 164    172   -180   winkel in grad     Zeile y :  34    y=  -6.5
  0.012  0.013  0.014  0.015  0.016  0.017  0.018  0.019  0.020 0.020  0.021  0.021  0.021  0.020  0.020  0.020  0.019  0.019 0.018  0.018  0.018   Feldstärke
     64     68     71     75     79     83     87     92     97 103    108    114    121    127    134    141    148    156 164    172   -180   winkel in grad     Zeile y :  35    y=  -7.0
  0.010  0.011  0.012  0.013  0.014  0.015  0.016  0.016  0.017 0.017  0.017  0.018  0.018  0.017  0.017  0.017  0.016  0.016 0.016  0.016  0.016   Feldstärke
     67     70     74     77     81     85     90     95     99 105    110    116    122    128    135    142    149    157 164    172    180   winkel in grad     Zeile y :  36    y=  -7.5
  0.009  0.010  0.011  0.011  0.012  0.013  0.013  0.014  0.014 0.015  0.015  0.015  0.015  0.015  0.015  0.014  0.014  0.014 0.014  0.014  0.014   Feldstärke
     70     73     76     80     84     88     92     97    102 107    112    118    123    130    136    143    150    157 165    172    180   winkel in grad     Zeile y :  37    y=  -8.0
  0.008  0.009  0.010  0.010  0.011  0.011  0.012  0.012  0.012 0.013  0.013  0.013  0.013  0.013  0.013  0.012  0.012  0.012 0.012  0.012  0.012   Feldstärke
     72     76     79     82     86     90     94     99    104 108    114    119    125    131    137    144    151    158 165    173    180   winkel in grad     Zeile y :  38    y=  -8.5
  0.008  0.008  0.008  0.009  0.009  0.010  0.010  0.010  0.011 0.011  0.011  0.011  0.011  0.011  0.011  0.011  0.011  0.011 0.011  0.010  0.010   Feldstärke
     75     78     81     85     88     92     96    101    105 110    115    121    126    132    138    145    152    158 165    173    180   winkel in grad     Zeile y :  39    y=  -9.0
  0.007  0.007  0.008  0.008  0.008  0.009  0.009  0.009  0.009 0.009  0.010  0.010  0.010  0.010  0.010  0.009  0.009  0.009 0.009  0.009  0.009   Feldstärke
     77     80     84     87     91     94     99    103    107 112    117    122    128    134    140    146    152    159 166    173    180   winkel in grad     Zeile y :  40    y=  -9.5
  0.006  0.006  0.007  0.007  0.007  0.008  0.008  0.008  0.008 0.008  0.008  0.008  0.008  0.008  0.008  0.008  0.008  0.008 0.008  0.008  0.008   Feldstärke
     79     82     86     89     93     97    101    105    109 114    119    124    129    135    141    147    153    160 166    173    180   winkel in grad     Zeile y :  41    y=  -10.0
  0.006  0.006  0.006  0.006  0.007  0.007  0.007  0.007  0.007 0.007  0.007  0.007  0.007  0.007  0.007  0.007  0.007  0.007 0.007  0.007  0.007   Feldstärke 